380870
108600
2394010
730
293030
494840
2212330
238430
2919460
2430930
333640
346110
882430
2915550
1011850
530870
600760
544550
1669000
2465200
728470
541200
258550
1511630
343050
322330
1892930
4020
4000
2108840
2684970
1493710
1670340
1519140
1275530
281990
660470
2407300
294420
611300
2131400
2082470
1424230
951440
2635410
589290
2089300
476400
2587780
16900
774961
884110
2781370
2923300
2533070
2879910
604540
2981140
1713810
635260
1635450
1639880
780310
2278520
552100
754480
726840
1176470
1440670
602960
244850
403240
818620
393380
1890870
887570
1324780
407530
896660
445400
1847600
394690
412680
376210
1829350
600460
440900
439660
1316480
844650
1118310
443030
1963720
1949740
975370
3017310
3017300
714010
824360
1690800
739590
1479670
1995300
996560
2688400
1895350
1739300
754150
1652070
581330
1088320
710560
1371580
1874900
371970
1614550
1926680
736820
1858670
1239080
2838890
573090
1026340
563560
1247090
541300
1502300
2191270
1336240
1651490
2738040
2524480
440000
2996130
1948980
2823750
711980
743960
1701890
1427700
673990
570
2934900
2662210
250820
1664300
1188930
1339270
2592170
2886350
1391110
1978720
2955480
1169370
1169040
2726450
1006710
1948280
1362540
1196080
808040
65540
496240
1480080
590720
1883840
2443360
1522280
1380950
2208380
2138290
736590
570950
1110390
304930
40980
749070
696370
569480
763890
1682970
3029040
2519290
2227360
1042420
1936830
332510
2690320
1066780
334920
440090
1007950
445220
2686900
1617130
825190
424030
2158860
903950
920720
383410
355180
1379630
2703580
1861290
1911970
2455060
2010900
2119270
317670
224260
274900
2536350
864060
1033410
346330
803050
1782380
1017070
567040
576770
486940
1861610
362620
440
455980
1651680
2478470
565060
329970
298740
2125160
3044650
1736750
1611600
1718240
1956800
1328350
420930
2414480
1118810
1127460
717990
622970
555160
1126850
690370
1540000
1094520
249630
2229830
222840
621060
747200
1026530
1269760
1449070
1471180
1483870
1794810
1157700
2370840
232090
1801280
1300480
1105670
1521580
416680
1014460
1282290
294100
1575680
1141420
574180
252490
979710
434520
2304350
614890
1049410
1560250
480
737430
807550
912290
960750
1162420
2219610
2675680
869480
811320
365960
1303430
1058710
1865010
503560
944330
1754720
1098260
280790
931180
1420710
581910
748090
1086950
670260
2199750
582400
407480
287980
397680
967130
778030
1253860
17740
12360
1653970
1189160
211820
1674890
736220
672490
552620
1751270
1620340
1281930
1965180
667530
39510
39540
228380
311260
324680
361580
606280
606710
967390
1084160
1154040
1196470
1416260
1144860
2550370
453090
1227690
2857200
377300
228980
723390
520010
2224170
2329680
1340180
222860
451600
805270
812040
1450150
1815810
1468720
629800
2353090
1106840
1293540
1222300
2497680
2345040
1370850
1339620
1956500
460040
203290
1158470
624970
718670
1118200
1050280
2157110
514340
321360
336400
233860
1818180
1201940
539470
628770
1584690
881100
325180
90
1007
4940
111710
220070
228780
232130
237410
276060
311410
312070
313600
317800
320850
329740
335130
338440
339010
349090
367970
369630
374980
376030
377610
378670
382280
393250
402370
405100
416880
419790
423410
426660
429400
443050
447760
449740
450980
453420
460320
462310
463280
463300
475370
485250
489650
490500
523390
526340
548400
549990
550790
553650
556450
559440
559480
562720
563930
564390
582320
587020
598010
598850
604100
609870
612940
616940
619960
628300
630230
633290
638100
643090
668390
677100
679600
680020
680870
685100
689410
689780
696120
696640
704980
713970
730810
746200
761080
762880
764860
764940
770340
774061
774771
805140
817300
824240
844410
848490
859010
869800
881430
897590
906940
916110
928530
944490
945970
947870
950290
965690
974130
988950
1000090
1003980
1006030
1010510
1035540
1047650
1064780
1071470
1075180
1084900
1099850
1129070
1136460
1149520
1170680
1204170
1222650
1223310
1279430
1280020
1292030
1292350
1301040
1307050
1315990
1348640
1375660
1377020
1382420
1404690
1405890
1413700
1418640
1420480
1427490
1433270
1460560
1472020
1475910
1503660
1521830
1534710
1549820
1573820
1602470
1612490
1624070
1653130
1665030
1680420
1686460
1722130
1750680
1757500
1827320
1827330
1830410
1850780
1865350
1899880
1899970
1900210
1932270
1948160
1958150
1964150
1978930
1992220
1998610
1999160
2058450
2069670
2070070
2093570
2101160
2138530
2160300
2181210
2192110
2192940
2200460
2232430
2239530
2246720
2260500
2292470
2293960
2306520
2320610
2334200
2342570
2392470
2406780
2440790
2515600
2570570
2577840
2580320
2612550
2636050
2728330
2809600
2833050
2842470
489630
2285150
886200
2214780
1102930
979560
2077180
572620
1918500
885570
370070
1076750
1120480
1156550
647960
934710
606230
362890
2114790
2412700
40960
962380
329710
230190
931580
1948990
954010
1136510
2646160
691190
780290
1709650
354060
2589440
616720
7
751930
799100
1185030
1205750
1303570
1312810
1739540
1751450
105600
2137090
512900
791400
460540
381020
1514340
774541
1603250
2090230
1094780
754850
1970580
456670
1892030
218410
222880
252390
282440
296300
300260
311210
324090
328070
329130
333950
342870
357310
357340
365450
368690
383840
404530
414120
437550
447820
454350
461680
489380
503010
504050
511390
513510
517510
519860
529180
530300
530700
530890
532170
535490
558990
563380
564310
567320
573490
581740
583490
590950
598330
600480
600610
605760
617720
618270
640800
644930
647980
657730
660940
661650
664140
672220
674010
705150
705380
711970
716490
721740
722670
724470
731420
732400
740810
747850
750710
768130
774351
803280
806670
807850
808100
808160
823350
833950
834910
836850
838410
842250
865990
869060
880750
880770
889040
900270
905380
907680
925880
926860
930600
937040
947540
960690
976950
976970
979120
983360
985720
999190
1003730
1012110
1013040
1013790
1013960
1017410
1024890
1033140
1043030
1045400
1059300
1064320
1098560
1101270
1125480
1130410
1138100
1138260
1141390
1144510
1146010
1155090
1157220
1158420
1163740
1164850
1177100
1197960
1231970
1239120
1250240
1262960
1269930
1274540
1280590
1281150
1281400
1296770
1335700
1340500
1352480
1367680
1383160
1394510
1398130
1398290
1418570
1425770
1444650
1460510
1463350
1486630
1500480
1504220
1523900
1527640
1532190
1561970
1571010
1608560
1632330
1694450
1711610
1752690
1794620
1845030
1875720
1944670
1955160
2003350
2071060
2153600
2180200
2181710
2188220
2212830
2259140
2273220
2384600
2392880
2413620
2547330
2564950
2661750
1707030
1134150
2133980
2276830
1566010
297920
629540
666930
1135440
17570
1224290
464360
1539140
983820
2193370
602700
1807930
1269150
2667530
1145520
724070
349110
2126460
607260
562430
718850
1205520
601400
1358710
326960
17500
1863440
346680
665920
1136190
1090700
997560
671610
17705
215
17520
17525
17535
17555
2311890
1718430
1042380
1980920
1470590
1657720
1699020
2000200
2379510
2747170
1070560
1011610
1173650
232250
17505
418460
717190
866510
2726230
1696170
295230
757780
465200
646570
1260310
603850
1100500
949910
1600660
652460
237870
225840
1123920
1875500
446800
1792250
2827410
414570
1338040
2849410
1972440
301650
638500
638490
1014550
1053270
2065960
457210
1090670
2227400
1022780
2584780
1577620
1023410
1623070
2822530
1328490
763100
552440
257510
257420
431450
435150
4920
1509420
950900
1038000
1318090
393420
525640
626680
1408930
1325470
686260
581460
1469450
705530
783210
907650
232890
1102190
405710
2860520
683770
2311970
1420170
1580130
1905470
5
575
17580
203300
225600
227040
227050
251810
261140
263060
313250
346120
366360
395760
452820
503590
552180
569720
578310
621240
625100
667230
684130
688610
693060
723520
734290
739120
743490
786320
801230
821060
839510
886440
950080
951210
955080
958670
976380
983780
985050
1006890
1013060
1023620
1041860
1061710
1086350
1096800
1119550
1158510
1189750
1198230
1207050
1255430
1337300
1356770
1356780
1361160
1376170
1388080
1401870
1425710
1428410
1446220
1452120
1472090
1472980
1484960
1486210
1541810
1559880
1563480
1574660
1588840
1699670
1751640
1757540
1758280
1808740
1818190
1833210
1835590
1842030
1878150
1909760
1915470
1965170
2002440
2079640
2080940
2102150
2105280
2136050
2150040
2156010
2179340
2184130
2229100
2261800
2286480
2321190
2323830
2347830
2395880
2419940
2424560
2452110
2531580
2537260
2537620
2653450
2658880
2684570
2738470
2744620
2744870
2822070
679650
17575
1045940
1362640
2453880
1790530
238690
2715080
1180760
400300
1481590
740
218
287860
904710
1286120
205
310
17515
17585
41080
55280
208050
229830
232290
232330
232370
244310
255470
265360
266910
273530
299310
299740
302200
313900
319350
324870
324890
328950
332670
332850
344320
346570
381690
382030
406800
541790
568880
574390
591690
685720
848830
1073780
1171790
1284600
1329740
1340510
2164830
418480
443600
460300
496520
516860
545990
550140
568660
601370
620110
667490
756760
805210
823850
850910
881600
888520
915070
919670
996600
1041310
1075820
1111260
1203110
1207110
1215190
1277220
1316470
1370890
1598000
1810100
1821720
1822380
1827750
1911460
2323970
